Monte Carlo Time Steps	Magnetization
0	0.97875
1	0.965
2	0.9525
3	0.94
4	0.92625
5	0.91875
6	0.91375
7	0.94375
8	0.92875
9	0.925
10	0.915
11	0.9275
12	0.91
13	0.8925
14	0.9125
15	0.915
16	0.92
17	0.92
18	0.9325
19	0.9025
20	0.91375
21	0.8975
22	0.90625
23	0.91875
24	0.90625
25	0.9125
26	0.9325
27	0.91375
28	0.92125
29	0.91125
30	0.92625
31	0.94
32	0.9375
33	0.93625
34	0.93125
35	0.92375
36	0.92625
37	0.93
38	0.91875
39	0.91
40	0.91875
41	0.91125
42	0.90625
43	0.92
44	0.925
45	0.91625
46	0.92125
47	0.94125
48	0.92875
49	0.91375
50	0.92
51	0.91125
52	0.9225
53	0.91875
54	0.92625
55	0.92375
56	0.92
57	0.92
58	0.92125
59	0.92875
60	0.9275
61	0.92375
62	0.90375
63	0.90875
64	0.9
65	0.89375
66	0.8925
67	0.87875
68	0.8875
69	0.8875
70	0.91375
71	0.90875
72	0.9125
73	0.8975
74	0.91875
75	0.935
76	0.92375
77	0.92
78	0.94375
79	0.92375
80	0.95625
81	0.96875
82	0.96125
83	0.93625
84	0.945
85	0.92
86	0.9375
87	0.92125
88	0.92875
89	0.90875
90	0.89375
91	0.88875
92	0.875
93	0.88375
94	0.9
95	0.8975
96	0.92
97	0.92375
98	0.9075
99	0.9225
100	0.91375
101	0.9075
102	0.925
103	0.92625
104	0.92375
105	0.9125
106	0.90875
107	0.89625
108	0.89875
109	0.9175
110	0.92375
111	0.915
112	0.91875
113	0.90375
114	0.905
115	0.905
116	0.9025
117	0.92
118	0.91
119	0.925
120	0.90625
121	0.91
122	0.90625
123	0.88625
124	0.89875
125	0.86875
126	0.88625
127	0.8825
128	0.9
129	0.89375
130	0.90375
131	0.91125
132	0.92
133	0.92625
134	0.9225
135	0.9275
136	0.9025
137	0.89125
138	0.9125
139	0.92125
140	0.91625
141	0.93
142	0.93
143	0.9375
144	0.9275
145	0.92375
146	0.93375
147	0.91625
148	0.91375
149	0.92
150	0.915
151	0.93375
152	0.925
153	0.93125
154	0.92875
155	0.915
156	0.9325
157	0.9075
158	0.91875
159	0.9325
160	0.915
161	0.9225
162	0.91875
163	0.90125
164	0.89625
165	0.9
166	0.88375
167	0.90125
168	0.90375
169	0.89625
170	0.885
171	0.9
172	0.90625
173	0.9075
174	0.905
175	0.90125
176	0.91375
177	0.9225
178	0.9025
179	0.93
180	0.925
181	0.93
182	0.9175
183	0.92625
184	0.91375
185	0.93
186	0.93125
187	0.925
188	0.91125
189	0.92625
190	0.94
191	0.9275
192	0.9275
193	0.915
194	0.92
195	0.90625
196	0.92
197	0.92
198	0.90125
199	0.87
200	0.8775
201	0.86125
202	0.875
203	0.88875
204	0.90125
205	0.8975
206	0.91375
207	0.91875
208	0.9225
209	0.925
210	0.9125
211	0.905
212	0.9125
213	0.91625
214	0.92375
215	0.9125
216	0.91625
217	0.9125
218	0.91125
219	0.91125
220	0.9075
221	0.92125
222	0.94375
223	0.9275
224	0.9075
225	0.885
226	0.905
227	0.91625
228	0.91375
229	0.89875
230	0.90625
231	0.8975
232	0.89125
233	0.87875
234	0.8925
235	0.89875
236	0.9075
237	0.925
238	0.91125
239	0.9025
240	0.92
241	0.93
242	0.93625
243	0.91375
244	0.9
245	0.89375
246	0.90625
247	0.9275
248	0.925
249	0.9225
250	0.9075
251	0.8925
252	0.90625
253	0.905
254	0.8925
255	0.92
256	0.92625
257	0.89375
258	0.89
259	0.90875
260	0.92125
261	0.92625
262	0.9275
263	0.94
264	0.93625
265	0.9075
266	0.90875
267	0.90375
268	0.92125
269	0.91125
270	0.8975
271	0.885
272	0.9
273	0.88625
274	0.8825
275	0.86
276	0.8575
277	0.86125
278	0.86875
279	0.8675
280	0.865
281	0.86125
282	0.8525
283	0.82875
284	0.83875
285	0.83
286	0.8475
287	0.84125
288	0.85
289	0.86
290	0.87125
291	0.87
292	0.85875
293	0.86875
294	0.8825
295	0.87
296	0.8775
297	0.87375
298	0.91375
299	0.90375
300	0.90375
301	0.9025
302	0.91
303	0.90375
304	0.91875
305	0.915
306	0.9
307	0.89625
308	0.89625
309	0.90375
310	0.8775
311	0.85875
312	0.86875
313	0.87125
314	0.8825
315	0.86125
316	0.8725
317	0.88875
318	0.86375
319	0.86
320	0.86875
321	0.865
322	0.86875
323	0.90125
324	0.90125
325	0.895
326	0.9
327	0.90375
328	0.90375
329	0.92125
330	0.9225
331	0.92125
332	0.9175
333	0.92875
334	0.90375
335	0.90625
336	0.90625
337	0.9025
338	0.94
339	0.92625
340	0.915
341	0.92125
342	0.93875
343	0.9475
344	0.93875
345	0.94
346	0.92625
347	0.93375
348	0.92375
349	0.92875
350	0.91125
351	0.93375
352	0.93125
353	0.915
354	0.9275
355	0.92375
356	0.91875
357	0.91375
358	0.93125
359	0.92
360	0.935
361	0.945
362	0.94625
363	0.94625
364	0.9325
365	0.94625
366	0.925
367	0.9275
368	0.92125
369	0.93
370	0.91625
371	0.92625
372	0.93625
373	0.9075
374	0.89
375	0.87875
376	0.895
377	0.91375
378	0.92
379	0.9275
380	0.91
381	0.92625
382	0.93
383	0.9425
384	0.94375
385	0.9425
386	0.9325
387	0.9325
388	0.92
389	0.95
390	0.93375
391	0.92125
392	0.94
393	0.93
394	0.91875
395	0.915
396	0.90375
397	0.91
398	0.91625
399	0.9175
400	0.92
401	0.90625
402	0.90375
403	0.915
404	0.91875
405	0.93
406	0.9275
407	0.9275
408	0.92
409	0.9125
410	0.8975
411	0.8925
412	0.9175
413	0.925
414	0.90875
415	0.92375
416	0.91625
417	0.90375
418	0.91125
419	0.89875
420	0.915
421	0.92
422	0.915
423	0.91625
424	0.91125
425	0.9
426	0.8875
427	0.87125
428	0.88125
429	0.90125
430	0.91625
431	0.91625
432	0.9
433	0.90875
434	0.92625
435	0.895
436	0.87125
437	0.8825
438	0.8775
439	0.90125
440	0.89875
441	0.8925
442	0.89
443	0.88875
444	0.875
445	0.88875
446	0.90875
447	0.885
448	0.87875
449	0.89375
450	0.89375
451	0.90125
452	0.90625
453	0.9025
454	0.9175
455	0.92
456	0.91
457	0.9
458	0.87375
459	0.8825
460	0.8925
461	0.92875
462	0.93125
463	0.92375
464	0.9175
465	0.9175
466	0.9225
467	0.92
468	0.915
469	0.91875
470	0.9075
471	0.88875
472	0.8875
473	0.88125
474	0.89375
475	0.91375
476	0.93
477	0.91375
478	0.92
479	0.94125
480	0.92625
481	0.93625
482	0.93875
483	0.9175
484	0.93
485	0.9125
486	0.9125
487	0.90375
488	0.91125
489	0.92375
490	0.9275
491	0.9175
492	0.92875
493	0.92125
494	0.92
495	0.9325
496	0.9425
497	0.94875
498	0.9325
499	0.92375
500	0.91125
501	0.9075
502	0.89375
503	0.9
504	0.8975
505	0.90375
506	0.89875
507	0.92
508	0.90125
509	0.89875
510	0.9025
511	0.89375
512	0.89125
513	0.90875
514	0.915
515	0.93
516	0.90875
517	0.91
518	0.9225
519	0.90625
520	0.9325
521	0.9375
522	0.93375
523	0.91875
524	0.92375
525	0.94625
526	0.9475
527	0.945
528	0.9575
529	0.945
530	0.92625
531	0.91125
532	0.9125
533	0.8875
534	0.93
535	0.925
536	0.93375
537	0.92375
538	0.93125
539	0.94
540	0.9525
541	0.92875
542	0.94625
543	0.93125
544	0.93625
545	0.92875
546	0.92625
547	0.9125
548	0.91125
549	0.91375
550	0.9025
551	0.895
552	0.90875
553	0.90625
554	0.92625
555	0.91875
556	0.88625
557	0.89375
558	0.89
559	0.8825
560	0.91
561	0.9225
562	0.91875
563	0.9
564	0.91125
565	0.90875
566	0.9125
567	0.92875
568	0.91875
569	0.9225
570	0.91
571	0.92
572	0.915
573	0.92125
574	0.94125
575	0.9475
576	0.94375
577	0.93125
578	0.93125
579	0.9125
580	0.895
581	0.885
582	0.88375
583	0.89
584	0.88875
585	0.89375
586	0.895
587	0.90875
588	0.92625
589	0.92
590	0.8925
591	0.88875
592	0.87125
593	0.8725
594	0.87625
595	0.885
596	0.905
597	0.88375
598	0.87625
599	0.89125
600	0.88125
601	0.89375
602	0.91125
603	0.90625
604	0.89125
605	0.875
606	0.8825
607	0.8925
608	0.88
609	0.88875
610	0.91
611	0.89375
612	0.9075
613	0.90875
614	0.9075
615	0.9
616	0.91375
617	0.905
618	0.90375
619	0.9125
620	0.91125
621	0.9175
622	0.905
623	0.91625
624	0.915
625	0.915
626	0.91125
627	0.92375
628	0.90875
629	0.92
630	0.92
631	0.915
632	0.92125
633	0.92375
634	0.91375
635	0.92125
636	0.92125
637	0.93625
638	0.93875
639	0.93875
640	0.93
641	0.94
642	0.95
643	0.95
644	0.95
645	0.93625
646	0.9275
647	0.91625
648	0.93625
649	0.9275
650	0.93125
651	0.9425
652	0.9325
653	0.925
654	0.92
655	0.9125
656	0.93625
657	0.94125
658	0.93125
659	0.935
660	0.95125
661	0.9375
662	0.93875
663	0.93625
664	0.94125
665	0.93
666	0.92375
667	0.92625
668	0.9075
669	0.91875
670	0.93375
671	0.9275
672	0.92375
673	0.92
674	0.92375
675	0.9225
676	0.92375
677	0.91875
678	0.925
679	0.90375
680	0.91375
681	0.9025
682	0.895
683	0.9125
684	0.8925
685	0.92375
686	0.92375
687	0.92375
688	0.9175
689	0.92625
690	0.94
691	0.9375
692	0.935
693	0.91875
694	0.91125
695	0.9
696	0.89625
697	0.90875
698	0.93
699	0.93125
700	0.90375
701	0.915
702	0.91125
703	0.9075
704	0.91375
705	0.92375
706	0.92125
707	0.91625
708	0.8775
709	0.9075
710	0.9025
711	0.89
712	0.9
713	0.89625
714	0.9025
715	0.905
716	0.91625
717	0.9075
718	0.9075
719	0.90625
720	0.9325
721	0.93
722	0.93
723	0.9
724	0.9025
725	0.90375
726	0.895
727	0.9075
728	0.90625
729	0.92375
730	0.93
731	0.91625
732	0.9225
733	0.94125
734	0.93
735	0.93375
736	0.90125
737	0.91625
738	0.94
739	0.93
740	0.9375
741	0.9375
742	0.94125
743	0.9225
744	0.92875
745	0.91875
746	0.9075
747	0.895
748	0.88625
749	0.8975
750	0.9025
751	0.9175
752	0.91
753	0.90625
754	0.92625
755	0.915
756	0.92125
757	0.91375
758	0.94625
759	0.94375
760	0.93875
761	0.9025
762	0.8875
763	0.89
764	0.915
765	0.885
766	0.905
767	0.92125
768	0.95
769	0.94
770	0.91375
771	0.9275
772	0.94375
773	0.9375
774	0.93
775	0.925
776	0.92625
777	0.915
778	0.89125
779	0.87
780	0.85625
781	0.8875
782	0.895
783	0.915
784	0.92
785	0.9175
786	0.915
787	0.9175
788	0.92
789	0.9125
790	0.90875
791	0.895
792	0.8875
793	0.89125
794	0.91125
795	0.89875
796	0.89875
797	0.89125
798	0.8975
799	0.91125
800	0.9125
801	0.92125
802	0.9075
803	0.91875
804	0.895
805	0.91
806	0.8925
807	0.9025
808	0.89875
809	0.9
810	0.90625
811	0.895
812	0.905
813	0.92375
814	0.92375
815	0.9275
816	0.935
817	0.91125
818	0.91125
819	0.91
820	0.90375
821	0.9125
822	0.915
823	0.9275
824	0.92875
825	0.92
826	0.915
827	0.905
828	0.89
829	0.89
830	0.895
831	0.90125
832	0.91375
833	0.92625
834	0.91875
835	0.91875
836	0.9375
837	0.93875
838	0.9325
839	0.91
840	0.9125
841	0.92
842	0.9175
843	0.8925
844	0.8925
845	0.88875
846	0.88
847	0.885
848	0.885
849	0.88625
850	0.9025
851	0.895
852	0.89625
853	0.895
854	0.92
855	0.9225
856	0.91375
857	0.91625
858	0.925
859	0.9375
860	0.935
861	0.91375
862	0.9175
863	0.9475
864	0.9525
865	0.9475
866	0.94625
867	0.9425
868	0.93125
869	0.92
870	0.9225
871	0.91375
872	0.89125
873	0.8925
874	0.9025
875	0.9175
876	0.92875
877	0.92375
878	0.9275
879	0.93125
880	0.9225
881	0.92625
882	0.925
883	0.92
884	0.92125
885	0.93
886	0.93
887	0.93125
888	0.925
889	0.9075
890	0.90375
891	0.9175
892	0.90375
893	0.9125
894	0.90375
895	0.8775
896	0.885
897	0.90875
898	0.9075
899	0.91
900	0.90125
901	0.8925
902	0.90875
903	0.93625
904	0.93375
905	0.93875
906	0.93125
907	0.93375
908	0.92
909	0.91875
910	0.91125
911	0.90125
912	0.8975
913	0.93625
914	0.92
915	0.91125
916	0.905
917	0.9325
918	0.9225
919	0.92875
920	0.93125
921	0.92125
922	0.92
923	0.92875
924	0.94
925	0.94125
926	0.94625
927	0.92875
928	0.9175
929	0.89125
930	0.89125
931	0.90375
932	0.89625
933	0.925
934	0.915
935	0.9325
936	0.94375
937	0.93375
938	0.92875
939	0.9325
940	0.9375
941	0.9275
942	0.91875
943	0.92625
944	0.9275
945	0.90625
946	0.90875
947	0.90375
948	0.87375
949	0.88
950	0.8925
951	0.89875
952	0.86375
953	0.8775
954	0.87875
955	0.90125
956	0.91375
957	0.9275
958	0.93875
959	0.91875
960	0.9175
961	0.9275
962	0.9
963	0.8775
964	0.89375
965	0.91875
966	0.9425
967	0.94125
968	0.92875
969	0.9375
970	0.93625
971	0.92375
972	0.93
973	0.9175
974	0.91375
975	0.91375
976	0.905
977	0.90625
978	0.905
979	0.89125
980	0.89125
981	0.90125
982	0.90875
983	0.90875
984	0.91125
985	0.89375
986	0.885
987	0.8775
988	0.86875
989	0.8775
990	0.8575
991	0.86625
992	0.87
993	0.86
994	0.8925
995	0.90125
996	0.92125
997	0.89875
998	0.8725
999	0.87625
